  -1.7869747356980504E-006
  -2.6549960169397576E-005
  -8.0149052494161966E-005
  -1.6204938574472457E-004
  -2.7125709111842770E-004
  -4.0672410278883036E-004
  -5.6673741443898833E-004
  -7.4985705598775495E-004
  -9.5365302357443445E-004
  -1.1764066495470358E-003
  -1.4150772874661846E-003
  -1.6676614378300849E-003
  -1.9308319905677097E-003
  -2.2020761081453242E-003
  -2.4783371419167524E-003
  -2.7562665172391572E-003
  -3.0335413663578237E-003
  -3.3060759620520421E-003
  -3.5719865015505932E-003
  -3.8275314338226903E-003
  -4.0700843996297961E-003
  -4.2976297334064092E-003
  -4.5063467382733353E-003
  -4.6953984227120311E-003
  -4.8618807244532767E-003
  -5.0035945028653718E-003
  -5.1204839487620120E-003
  -5.2095152850428865E-003
  -5.2704484130977535E-003
  -5.3036006192899669E-003
  -5.3065382040045316E-003
  -5.2806079472811135E-003
  -5.2268344211720136E-003
  -5.1434971345065018E-003
  -5.0329796330671733E-003
  -4.8976954738139174E-003
  -4.7365108158405151E-003
  -4.5518738703634520E-003
  -4.3482133225943454E-003
  -4.1255908256659212E-003
  -3.8849508096762461E-003
  -3.6319352513997042E-003
  -3.3699458159088752E-003
  -3.0984602469034325E-003
  -2.8202846964659541E-003
  -2.5421514332799439E-003
  -2.2674905632397804E-003
  -1.9954165232147062E-003
  -1.7275000174300876E-003
  -1.4703513791830909E-003
  -1.2300704146947618E-003
  -1.0073066515032059E-003
  -7.9958855446349525E-004
  -6.0724673839668470E-004
  -4.3579056034589997E-004
  -2.9284348327167137E-004
  -1.8327408328372283E-004
  -1.0658076065428156E-004
  -5.7583690886287749E-005
  -2.8937652698345022E-005
  -1.3551480520380735E-005
  -5.9270624408002696E-006
  -2.4268636095726053E-006
  -9.3244880786338563E-007
  -3.3694924572161672E-007
  -1.1476237898347247E-007
  -3.6915500043696475E-008
  -1.1236010846250647E-008
  -3.2416983575359553E-009
  -8.8797098236459784E-010
  -2.3128568110774867E-010
  -5.7363263851064366E-011
  -1.3565084009044119E-011
  -3.0622716229188271E-012
  -6.6067916672525300E-013
  -1.3637143108569807E-013
  -2.6957038653944066E-014
  -5.1078662952744808E-015
  -9.2854445204916154E-016
  -1.6207490718084837E-016
  -2.7183880748016889E-017
  -4.3843246016840630E-018
  -6.8043128329529277E-019
  -1.0167965375237923E-019
  -1.4639096991178318E-020
  -2.0317610427257677E-021
  -2.7198388871435796E-022
  -3.5135599262804871E-023
  -4.3822258655451827E-024
  -5.2793907923452800E-025
  -6.1461412011204695E-026
  -6.9171804685209279E-027
  -7.5289157843949132E-028
  -7.9281650362123588E-029
  -8.0798201316793982E-030
  -7.9719298029882135E-031
  -7.6171853427089967E-032
  -7.0505707370126521E-033
  -6.3237595243381205E-034
  -5.4974829162399836E-035
  -4.6334005678287880E-036
  -3.7869295592614649E-037
  -3.0020942318425123E-038
  -2.3088936409075228E-039
  -1.7231121929477082E-040
  -1.2480603833078239E-041
  -8.7750076403143502E-043
  -5.9899325156803609E-044
  -3.9703325347047266E-045
  -2.5557939921948314E-046
  -1.5980041104247639E-047
  -9.7059443756845424E-049
  -5.7273817436265875E-050
  -3.2838199577572919E-051
  -1.8295733401220453E-052
  -9.9061754158110059E-054
  -5.2129363339390619E-055
  -2.6663041467430978E-056
  -1.3256065379996017E-057
  -6.4064922199186303E-059
  -3.0098576772272146E-060
  -1.3746975078893243E-061
  -6.1040160920051380E-063
  -2.6349939740085934E-064
  -1.1058682456021008E-065
  -4.5121922908988458E-067
  -1.7899016287159893E-068
  -6.9027352551522002E-070
  -2.5879334403309526E-071
  -9.4321419761584329E-073
  -3.3417544095399501E-074
  -1.1508624112347722E-075
  -3.8523937264029802E-077
  -1.2533315216410840E-078
  -3.9627329020568603E-080
  -1.2175266125858929E-081
  -3.6347446272856425E-083
  -1.0542258072666719E-084
  -2.9703364977894914E-086
  -8.1289267949974018E-088
  -2.1605025561007760E-089
  -5.5757570598747753E-091
  -1.3970395799010917E-092
  -3.3977574272907621E-094
  -8.0199611800720855E-096
  -1.8367924253587526E-097
  -4.0809520733685567E-099
  -8.7937868394672308E-101
  -1.8373685623844135E-102
  -3.7214189905617928E-104
  -7.3045194490327795E-106
  -1.3890466330738590E-107
  -2.5582763703198951E-109
  -4.5618240989014191E-111
  -7.8729263892747279E-113
  -1.3145502764712232E-114
  -2.1226989791477454E-116
  -3.3134934797490069E-118
  -4.9977600483725585E-120
  -7.2803012750050553E-122
  -1.0237367041915065E-123
  -1.3888609441300285E-125
  -1.8168233823721715E-127
  -2.2902672921269525E-129
  -2.7803415080658240E-131
  -3.2482480120225657E-133
  -3.6493864190776045E-135
  -3.9397530998256653E-137
  -4.0834932134751497E-139
  -4.0599220158193019E-141
  -3.8681880375116865E-143
  -3.5281850464720750E-145
  -3.0772622735778025E-147
  -2.5634478110882401E-149
  -2.0368843976405738E-151
  -1.5416227785058580E-153
  -1.1096720587328295E-155
  -7.5838772829207764E-158
  -4.9121977956447672E-160
  -3.0093949913317856E-162
  -1.7399795835286945E-164
  -9.4713515457262678E-167
  -4.8406741532179828E-169
  -2.3158525759835367E-171
  -1.0335916139381890E-173
  -4.2869369874523199E-176
  -1.6451187607183710E-178
  -5.8117123373938478E-181
  -1.8789534778428088E-183
  -5.5211812311524835E-186
  -1.4624230856408841E-188
  -3.4569978899486591E-191
  -7.2034358777197732E-194
  -1.3025053695482336E-196
  -2.0021085618228402E-199
  -2.5436251402898738E-202
  -2.5643097809194521E-205
  -1.9232424120869267E-208
  -9.5392429155361729E-212
  -2.3468958770050833E-215
   0.0000000000000000     
   0.0000000000000000     
   0.0000000000000000     
   0.0000000000000000     
   0.0000000000000000     
   0.0000000000000000     
   0.0000000000000000     
   0.0000000000000000     
   0.0000000000000000     
   0.0000000000000000     
   0.0000000000000000     
   0.0000000000000000     
   0.0000000000000000     
   0.0000000000000000     
   0.0000000000000000     
   0.0000000000000000     
   0.0000000000000000     
   0.0000000000000000     
   0.0000000000000000     
   0.0000000000000000     
   0.0000000000000000     
   0.0000000000000000     
   0.0000000000000000     
   0.0000000000000000     
   0.0000000000000000     
   0.0000000000000000     
   0.0000000000000000     
   0.0000000000000000     
   0.0000000000000000     
   0.0000000000000000     
   0.0000000000000000     
   0.0000000000000000     
   0.0000000000000000     
   0.0000000000000000     
   0.0000000000000000     
   0.0000000000000000     
   0.0000000000000000     
   0.0000000000000000     
   0.0000000000000000     
   0.0000000000000000     
   0.0000000000000000     
   0.0000000000000000     
   0.0000000000000000     
   0.0000000000000000     
   0.0000000000000000     
   0.0000000000000000     
   0.0000000000000000     
   0.0000000000000000     
   0.0000000000000000     
   0.0000000000000000     
   0.0000000000000000     
   0.0000000000000000     
   0.0000000000000000     
   0.0000000000000000     
   0.0000000000000000     
   0.0000000000000000     
   0.0000000000000000     
   0.0000000000000000     
   0.0000000000000000     
   0.0000000000000000     
   0.0000000000000000     
   0.0000000000000000     
   0.0000000000000000     
   0.0000000000000000     
   0.0000000000000000     
   0.0000000000000000     
   0.0000000000000000     
   0.0000000000000000     
   0.0000000000000000     
   0.0000000000000000     
   0.0000000000000000     
   0.0000000000000000     
   0.0000000000000000     
   0.0000000000000000     
   0.0000000000000000     
   0.0000000000000000     
   0.0000000000000000     
   0.0000000000000000     
   0.0000000000000000     
   0.0000000000000000     
   0.0000000000000000     
   0.0000000000000000     
   0.0000000000000000     
   0.0000000000000000     
   0.0000000000000000     
   0.0000000000000000     
   0.0000000000000000     
   0.0000000000000000     
   0.0000000000000000     
   0.0000000000000000     
   0.0000000000000000     
   0.0000000000000000     
   0.0000000000000000     
   0.0000000000000000     
   0.0000000000000000     
   0.0000000000000000     
   0.0000000000000000     
   0.0000000000000000     
   0.0000000000000000     
   0.0000000000000000     
   0.0000000000000000     
