   0.0000000000000000     
   1.1753548971057650E-007
  -2.0840321685513567E-007
   2.4589088980814369E-007
  -2.0328870945802273E-007
   5.4119132090767613E-008
   2.2736113698929021E-007
  -6.6530224106530601E-007
   1.2809713951640684E-006
  -2.0909784164827821E-006
   3.1049961676606799E-006
  -4.3230064096782284E-006
   5.7321734150071445E-006
  -7.3035420027010368E-006
   8.9888725713103141E-006
  -1.0718056800192647E-005
   1.2397691755684432E-005
  -1.3911506152942485E-005
   1.5123400644965877E-005
  -1.5883845454203900E-005
   1.6040228375039432E-005
  -1.5451419455681873E-005
   1.4006279982078272E-005
  -1.1645081760005688E-005
   8.3818484785476380E-006
  -4.3245749823406209E-006
  -3.1071079689635656E-007
   5.1967572173291622E-006
  -9.9075344498686962E-006
   1.3950161727774927E-005
  -1.6817977426906067E-005
   1.8062825565468588E-005
  -1.7379792963393425E-005
   1.4692111025808260E-005
  -1.0218808833468438E-005
   4.5045227294820545E-006
   1.6085269311592417E-006
  -7.0802675072194296E-006
   1.0845485354365641E-005
  -1.2042196134429284E-005
   1.0256450602244683E-005
  -5.7243077411793529E-006
  -5.7921118098081651E-007
   7.0282207347660260E-006
  -1.1645838862262834E-005
   1.2597137310660422E-005
  -8.7864413113028464E-006
   4.0103969820097113E-007
   1.0799007515112313E-005
  -2.1632368034814578E-005
   2.8188107132132127E-005
  -2.6992969100984202E-005
   1.6384012813286284E-005
   2.3650610664218559E-006
  -2.4684865976405052E-005
   4.3517618211780620E-005
  -5.1348006650089208E-005
   4.3014158363845737E-005
  -1.8360257408208959E-005
  -1.6460623008416857E-005
   5.0015152583599213E-005
  -6.9176543433360719E-005
   6.4360691001165942E-005
  -3.4422528784945731E-005
  -1.1214331364228223E-005
   5.4944217500598540E-005
  -7.7805587646278580E-005
   6.8309607179352030E-005
  -2.9104785679869760E-005
  -2.2561007514727403E-005
   6.2099993797688595E-005
  -6.9949925643316991E-005
   4.2776313225966972E-005
   3.4242936743123461E-006
  -4.1595620250346361E-005
   4.9773564789472819E-005
  -2.5583059320269717E-005
  -1.1209191474961809E-005
   3.1779148635264072E-005
  -1.9666786788564578E-005
  -1.4767017763807345E-005
   3.9835155814742545E-005
  -2.7278343705808970E-005
  -2.1091313328420611E-005
   6.8174363780087191E-005
  -6.7765097406636264E-005
   5.8367584020501954E-006
   7.7902703139459770E-005
  -1.1376149041154656E-004
   6.0070856482740178E-005
   5.1841401044428522E-005
  -1.3244307316108092E-004
   1.0760206093832545E-004
   9.2232698634105381E-006
  -1.1853117965814639E-004
   1.2164633431095337E-004
  -1.7449913931028826E-005
  -9.0832915214497342E-005
   9.7773261357920509E-005
  -7.5619496948705665E-006
  -6.9773590906178966E-005
   4.5372005851857314E-005
   3.9111439399628416E-005
  -5.9757390988302326E-005
  -2.6007143867760360E-005
   1.0518322863950099E-004
  -4.5540349770768644E-005
  -1.0937673930322836E-004
   1.5897347643951485E-004
  -2.6697916446134399E-006
  -1.8806811913819237E-004
   1.5893037681423549E-004
   7.7448749461056808E-005
  -2.1947657642724439E-004
   7.4952573164942073E-005
   1.5344599782191463E-004
  -1.4553802398902042E-004
  -6.0723730484311841E-005
   1.2808571764969900E-004
   3.4551966358054052E-005
  -1.1432508196079733E-004
  -5.9281889406723743E-005
   1.6833004294379089E-004
   5.1768818292322651E-005
  -2.5854938222617807E-004
   3.1785781780108174E-005
   3.0677620435601966E-004
  -1.5053872851939116E-004
  -2.7658531185275524E-004
   2.2571554534818762E-004
   2.0613344427120839E-004
  -2.1328057884223233E-004
  -1.6841677545222181E-004
   1.3193851022959651E-004
   2.0989378013470855E-004
  -3.4600095315708804E-005
  -3.2008457207726430E-004
  -3.9645064564847491E-005
   4.4385861482847908E-004
   9.2170215297384121E-005
  -5.1362991477043934E-004
  -1.5530375353305339E-004
   4.7468532160424755E-004
   2.5752997892261337E-004
  -2.9541295824878446E-004
  -3.8462229565791204E-004
  -2.5286713487449909E-005
   4.5838672544317219E-004
   4.3529450476945998E-004
  -3.5619753563780380E-004
  -7.9164967382646875E-004
  -5.1470029258295514E-006
   8.5277357727768456E-004
   5.2573869646617660E-004
  -3.9141834767796220E-004
  -8.1762183615787887E-004
  -5.1570706506352945E-004
   3.6971540452742328E-004
   1.2028183413861735E-003
   8.3579404917799702E-004
  -6.9582544016734210E-004
  -1.6700738257832764E-003
  -9.9332030364025011E-004
   5.2631386529853859E-004
   1.6954026552277379E-003
   1.9355713635558248E-003
   8.0480130381696102E-004
  -1.5116043871381542E-003
  -3.3704518302420778E-003
  -3.0310010887914362E-003
  -5.9380768401836269E-004
   2.5238353819476067E-003
   5.1614983183994366E-003
   6.3144709467440165E-003
   4.6421523691724618E-003
  -3.5808059847638389E-004
  -7.2480964613100161E-003
  -1.3714649583824956E-002
  -1.8033317175104268E-002
  -1.8656998888517594E-002
  -1.3332539285530494E-002
   9.7509300145820488E-005
   2.2422279355256231E-002
   5.3543976379451810E-002
   9.3821829620845412E-002
  0.14393452535572562     
  0.20362343625193841     
  0.27162106556893484     
  0.34696347561581659     
  0.42952597850278484     
  0.51895724594451154     
  0.61381723274075373     
  0.71233300540298206     
  0.81357920493340719     
  0.91726655176366012     
   1.0225058408109511     
   1.1274357137303224     
   1.2302630490697233     
   1.3302069259184885     
   1.4270330319481779     
   1.5198715070984368     
   1.6069531520268465     
   1.6866064308247859     
   1.7582037163490922     
   1.8218716540783257     
   1.8773714414602789     
   1.9235378040366760     
   1.9589295203462478     
   1.9829115400985873     
   1.9959489629955860     
   1.9988260243893330     
   1.9916605987063134     
   1.9737366406720591     
   1.9442874025478885     
   1.9034300494132608     
   1.8523691254970713     
   1.7927177576880686     
   1.7255695808982359     
   1.6511093247445623     
   1.5690398984776359     
   1.4794385806078754     
   1.3833711876223260     
   1.2828368355849640     
   1.1801221049138524     
   1.0770201789592331     
  0.97439777344407741     
  0.87232361879902920     
  0.77062852431561202     
  0.66955888657227824     
  0.57019299369615462     
  0.47445613650865082     
  0.38477493016524450     
  0.30354944810131163     
  0.23265241066734890     
  0.17310708526970045     
  0.12499976903654741     
   8.7596791027236054E-002
   5.9586890479474908E-002
   3.9361022487202309E-002
   2.5261073215202347E-002
   1.5759888969669719E-002
   9.5638622697037656E-003
   5.6488853426959560E-003
   3.2494751050519046E-003
   1.8216010687475714E-003
   9.9573896527174440E-004
   5.3106121274749615E-004
   2.7650067041796404E-004
   1.4061653609603436E-004
   6.9886203905451797E-005
   3.3960790800884771E-005
   1.6143668985265988E-005
   7.5103865955497404E-006
   3.4209480020303517E-006
   1.5262819159265836E-006
   6.6726598251882420E-007
   2.8595867332459648E-007
   1.2017232121071030E-007
   4.9539594805866327E-008
   2.0039676681763540E-008
   7.9571315767196356E-009
   3.1022834084840888E-009
   1.1879320274233698E-009
   4.4689743289574157E-010
   1.6521382786316807E-010
   6.0036967016482899E-011
   2.1450239938482756E-011
   7.5368487001160805E-012
   2.6048996523237464E-012
   8.8579137007995243E-013
   2.9641718819075590E-013
   9.7632811853675902E-014
   3.1658809553453831E-014
   1.0108406395052852E-014
   3.1786324749533946E-015
   9.8456633358812063E-016
   3.0044965516577221E-016
   9.0342713385489436E-017
   2.6771924597432928E-017
   7.8198654320641572E-018
   2.2517403009622080E-018
   6.3929424248693675E-019
   1.7898185606863381E-019
   4.9420074091098889E-020
   1.3459926008794449E-020
   3.6164621553233134E-021
   9.5869982079527207E-022
   2.5077995566202214E-022
   6.4739148659107148E-023
   1.6495150295703691E-023
   4.1486854401305048E-024
   1.0300971811816563E-024
   2.5252631595178239E-025
   6.1128247592883299E-026
   1.4612653069297164E-026
   3.4499429638441328E-027
   8.0451422161268918E-028
   1.8532990847073498E-028
   4.2196757844713669E-029
   9.5832568599836426E-030
   2.5693441020620142E-030
