  -6.9751651738664289E-010
   2.1018346021316550E-009
  -3.5334161355795449E-009
   5.0084485816687776E-009
  -6.5400838493122940E-009
   8.1371253896307540E-009
  -9.8026354490822023E-009
   1.1532467154141034E-008
  -1.3313747615072741E-008
   1.5123365285603102E-008
  -1.6926546638676584E-008
   1.8675644041641381E-008
  -2.0309295663075160E-008
   2.1752157780820847E-008
  -2.2915445037310379E-008
   2.3698539741641900E-008
  -2.3991939952557309E-008
   2.3681798567584157E-008
  -2.2656252635402204E-008
   2.0813643161619993E-008
  -1.8072572044997959E-008
   1.4383529083579478E-008
  -9.7415481164862840E-009
   4.1990265659222750E-009
   2.1225122483161939E-009
  -9.0232840724693749E-009
   1.6220597639787428E-008
  -2.3350725203671412E-008
   2.9979276693446010E-008
  -3.5621732127363084E-008
   3.9775084975179196E-008
  -4.1960427590444003E-008
   4.1774765880492823E-008
  -3.8948457179339946E-008
   3.3402591353035799E-008
  -2.5298660840484887E-008
   1.5071380568077755E-008
  -3.4349952553647559E-009
  -8.6456542306723459E-009
   2.0025217651736149E-008
  -2.9490062892750070E-008
   3.5906715957178912E-008
  -3.8392275244731822E-008
   3.6484022207532249E-008
  -3.0278402764204954E-008
   2.0506118864925668E-008
  -8.5124280136860783E-009
  -3.8783847771551544E-009
   1.4617427981976226E-008
  -2.1782705260550504E-008
   2.3977573717372182E-008
  -2.0700114806874569E-008
   1.2591442795295492E-008
  -1.4730120924052858E-009
  -9.8908172670647885E-009
   1.8316569371317949E-008
  -2.0950498643301693E-008
   1.6100977518009599E-008
  -3.9465527387910917E-009
  -1.3115390324400828E-008
   3.0679554179092958E-008
  -4.3194842818054706E-008
   4.5395203107109426E-008
  -3.4011057841292189E-008
   9.2939633566060541E-009
   2.4194319981540195E-008
  -5.7997090727795274E-008
   8.1580530421136427E-008
  -8.5322539742687075E-008
   6.3955607136827344E-008
  -1.9369692121239752E-008
  -3.8405197120612256E-008
   9.2879676542923540E-008
  -1.2552215620905492E-007
   1.2195118384816761E-007
  -7.7980781993038361E-008
   3.1351413732197266E-009
   8.0357843717163920E-008
  -1.4373954610403728E-007
   1.6170700988829299E-007
  -1.2290455381891031E-007
   3.6602349338996662E-008
   6.8080262392461489E-008
  -1.5152778619971787E-007
   1.7900978320272666E-007
  -1.3620400726587622E-007
   3.7713111480391037E-008
   7.6587547866832443E-008
  -1.5751027429100714E-007
   1.6880193387047239E-007
  -1.0538979887258436E-007
  -2.2613605718864623E-009
   1.0167805164173198E-007
  -1.4456894651092074E-007
   1.1257235147447293E-007
  -2.7895265847430716E-008
  -5.8816300086851666E-008
   9.8137563365498004E-008
  -7.2139313604881916E-008
   5.8293935990279687E-009
   4.9571416182263697E-008
  -5.2628012708578606E-008
   3.1101389949609851E-009
   5.5124877256287291E-008
  -6.5832964585019643E-008
   6.7254550176865427E-009
   8.4880080432890695E-008
  -1.3244041082479520E-007
   7.8824856039009917E-008
   5.8693001325280317E-008
  -1.8541989540685482E-007
   1.9280130844737489E-007
  -4.8539581870410274E-008
  -1.5936582030992007E-007
   2.7332872112617259E-007
  -1.8720082324329314E-007
  -5.4773811737774578E-008
   2.7277653483923369E-007
  -2.8703147392168571E-007
   7.2661914201769625E-008
   2.0311378524556522E-007
  -3.1150842951959339E-007
   1.6082662431220848E-007
   1.1467716723011303E-007
  -2.7037904124233108E-007
   1.7691021443708570E-007
   5.7752242904338185E-008
  -1.9814632153706119E-007
   1.2181531063279645E-007
   5.7914468655707596E-008
  -1.2566005280841082E-007
   1.4891150579148745E-008
   1.1169533918539919E-007
  -6.3337450113259764E-008
  -1.2195073609928880E-007
   1.9337486574954643E-007
   3.6066651793377228E-011
  -2.6918957151150702E-007
   2.6308774960579849E-007
   8.6057211840726455E-008
  -4.0255172194863255E-007
   2.7467612450648122E-007
   2.0615811258033144E-007
  -4.8145039185905658E-007
   1.9063358029840677E-007
   3.3595728687144666E-007
  -4.4909108378864344E-007
   1.2931076180863196E-008
   3.9903156844885919E-007
  -2.6513166249746387E-007
  -1.7766574768961876E-007
   2.9257613914838748E-007
   2.3657295657257991E-008
  -2.1905562047711844E-007
  -1.3902096695825739E-008
   2.2674048012331121E-007
   2.5007351672412443E-008
  -3.4750528551055855E-007
   9.3714228553519217E-008
   4.4891511622865521E-007
  -3.5232274138705309E-007
  -3.8548981357846432E-007
   6.1506465339510333E-007
   1.4055009649351554E-007
  -7.2903504191871182E-007
   1.6395041592225610E-007
   6.4979097707260575E-007
  -3.7048263395769493E-007
  -4.6441064183088004E-007
   3.9828358288301847E-007
   3.1730037816790788E-007
  -2.8204631979232923E-007
  -3.1269887899410412E-007
   1.2851844720990667E-007
   4.6243639993818102E-007
  -3.8909120664738493E-008
  -6.9806143288420139E-007
   5.1648955764680894E-008
   9.2161985608913372E-007
  -1.3126321211465118E-007
  -1.0555036592789827E-006
   1.9610084972644476E-007
   1.0653323698464174E-006
  -1.6129851345486977E-007
  -9.5271221714032886E-007
  -2.4089796448259259E-008
   7.3160489265120208E-007
   3.5502695737335841E-007
  -4.0765242528601352E-007
  -7.6278388972992474E-007
  -2.3506390932567721E-008
   1.1192520401951715E-006
   5.5136084872733765E-007
  -1.2576293599375409E-006
  -1.1044196977937581E-006
   1.0226655939134971E-006
   1.5074253805789961E-006
  -3.6231980082049799E-007
  -1.4900322354678509E-006
  -5.5495323379659283E-007
   8.0575179505544818E-007
   1.2746133688892197E-006
   5.2183703359526352E-007
  -1.1849149043052986E-006
  -1.9435889737733060E-006
  -4.6188446902736791E-008
   2.4308484595183886E-006
   1.8718690509173519E-006
  -1.1652930694414205E-006
  -2.7205170769037983E-006
  -1.2823160601659340E-006
   1.1089025077474871E-006
   2.4991441843664575E-006
   2.1848966537948329E-006
  -1.9510246111055217E-007
  -3.3755386950387285E-006
  -3.9773050962615662E-006
  -4.4650681673514353E-007
   4.0281041201674755E-006
   5.1132344489490208E-006
   2.2737535477473807E-006
  -1.9278081739030899E-006
  -5.3288321300849735E-006
  -6.5148728157537740E-006
  -3.8097772343866677E-006
   2.7817048644196509E-006
   9.4488706547997108E-006
   1.1215467996219284E-005
   6.6749600650140996E-006
  -1.5897202448215918E-006
  -1.0462825719537857E-005
  -1.7744998277893792E-005
  -2.0510144447055268E-005
  -1.5159542833336585E-005
  -7.4419869804436901E-007
   1.9117975521751249E-005
   3.8779906745268187E-005
   5.3885606321474138E-005
   6.1017836547911972E-005
   5.5320610278414825E-005
   3.0780063449935837E-005
  -1.6671958228170029E-005
  -8.7686268109453774E-005
  -1.8174306039238993E-004
  -2.9974949575290382E-004
  -4.4329813437732297E-004
  -6.1188918347413910E-004
  -8.0228742216238919E-004
  -1.0110340051997270E-003
  -1.2367156119800261E-003
  -1.4790172062077774E-003
  -1.7359689902793521E-003
  -2.0031038116566330E-003
  -2.2756274063043631E-003
  -2.5508391886503719E-003
  -2.8278375531349599E-003
  -3.1049767964164035E-003
  -3.3782108366001967E-003
  -3.6422800470653220E-003
  -3.8933424025709299E-003
  -4.1300910538060037E-003
  -4.3522087934768101E-003
  -4.5579322832215311E-003
  -4.7433413305883101E-003
  -4.9040732139721457E-003
  -5.0376885248359969E-003
  -5.1443774328772691E-003
  -5.2254134017885078E-003
  -5.2808875490833809E-003
  -5.3088057323994733E-003
  -5.3062911526031336E-003
  -5.2717834604707548E-003
  -5.2063766959723019E-003
  -5.1132662482733160E-003
  -4.9958232604536265E-003
  -4.8558028186653467E-003
  -4.6929652059727349E-003
  -4.5062836501287597E-003
  -4.2958224855825311E-003
  -4.0640207393101684E-003
  -3.8156133516757192E-003
  -3.5563169545018499E-003
  -3.2910986419679186E-003
  -3.0229770221692483E-003
  -2.7529096295524883E-003
  -2.4807102882755429E-003
  -2.2064641096970605E-003
  -1.9317646929765959E-003
  -1.6602776001568384E-003
  -1.3974817199213750E-003
  -1.1497699838050419E-003
  -9.2327741597261011E-004
  -7.2281641148823827E-004
  -5.5118160706292064E-004
  -4.0891803647463709E-004
  -2.9449702529291870E-004
  -2.0475464154118029E-004
  -1.3542457524606897E-004
  -8.1625405756629961E-005
  -3.8216971537895362E-005
   0.0000000000000000     
