   0.0000000000000000     
   2.6835542161560895E-006
  -7.0387381001156265E-006
   1.4549805297786109E-005
  -2.6103955921196485E-005
   4.1191784724773232E-005
  -5.6745432446470980E-005
   6.6109672961361414E-005
  -5.9418397267564967E-005
   2.7360623673093620E-005
   3.0224181021567941E-005
  -9.3191019423789599E-005
   1.1728805762374211E-004
  -5.4333227339702208E-005
  -9.5682939914439272E-005
   2.3240700737459132E-004
  -1.8846219185537618E-004
  -8.7293551792098483E-005
   3.3246891059990683E-004
  -1.4232832089954689E-004
  -3.6816069354370594E-004
   3.2740767460665503E-004
   5.3517255912106920E-004
  -6.0715660379218864E-004
  -8.5955249002974375E-004
   5.5738197336492037E-004
   1.8420665958672078E-003
   8.1384008435879884E-004
  -2.6960697450062023E-003
  -5.5270056269839263E-003
  -4.2906990180254494E-003
   4.2827808433968228E-003
   2.2191153095577711E-002
   4.9911426045517737E-002
   8.8048213195989489E-002
  0.13600803198667302     
  0.19335104304087100     
  0.25979296935563245     
  0.33408563537498814     
  0.41581533352229699     
  0.50408581041236744     
  0.59749193950575863     
  0.69558983934343577     
  0.79701871844288630     
  0.90039398583147956     
   1.0052147074566735     
   1.1098781632999213     
   1.2130641114469876     
   1.3143088001369077     
   1.4119892376114336     
   1.5048242291560414     
   1.5925369330621206     
   1.6737224501905963     
   1.7470719201498535     
   1.8125814408746928     
   1.8693800907077471     
   1.9160979358601673     
   1.9528574693903040     
   1.9796764622088712     
   1.9953663298901203     
   1.9997277416808774     
   1.9936688828055971     
   1.9769493014250887     
   1.9488328883470882     
   1.9101628598124929     
   1.8622439115161422     
   1.8049488432469754     
   1.7380054174899560     
   1.6628104933410353     
   1.5812001887817231     
   1.4935409368972876     
   1.3996108278302852     
   1.3006365900142551     
   1.1990205999668455     
   1.0962654932572413     
  0.99232411640706297     
  0.88722730470440148     
  0.78260724562777839     
  0.68113574600112403     
  0.58469921327712604     
  0.49347223311387894     
  0.40676648892820028     
  0.32462828502877655     
  0.24866642717386578     
  0.18154664912287566     
  0.12572611538541811     
   8.2369142829368455E-002
   5.0997540644120071E-002
   2.9841226524521335E-002
   1.6516590289371722E-002
   8.6576832910939296E-003
   4.3042976872646665E-003
   2.0328618168715977E-003
   9.1350860410137423E-004
   3.9119953728020682E-004
   1.5989022061660058E-004
   6.2461045941318780E-005
   2.3353524925702228E-005
   8.3677576090514670E-006
   2.8767564785202362E-006
   9.5000540359034154E-007
   3.0167488507328334E-007
   9.2209354432754138E-008
   2.7154367790892458E-008
   7.7110744087507529E-009
   2.1132918140196849E-009
   5.5938569279426140E-010
   1.4311630284271384E-010
   3.5415502483101854E-011
   8.4821977065227778E-012
   1.9674463233248336E-012
   4.4221306762903678E-013
   9.6368686259956723E-014
   2.0372545032691139E-014
   4.1800121877237271E-015
   8.3279876141139746E-016
   1.6118711644110657E-016
   3.0320514000936172E-017
   5.5454702673596821E-018
   9.8652321861474145E-019
   1.7076830819849176E-019
   2.8773657218737669E-020
   4.7208560125302426E-021
   7.5444587472177710E-022
   1.1747753880175722E-022
   1.7829252573791383E-023
   2.6380910005751981E-024
   3.8066809319256961E-025
   5.3582156098265784E-026
   7.3590758255139381E-027
   9.8642439275769624E-028
   1.2907605643069665E-028
   1.6491833144770431E-029
   2.0579261583210027E-030
   2.5085394133488985E-031
   2.9876630149065890E-032
   3.4773452748704292E-033
   3.9559645221123150E-034
   4.3997213344659390E-035
   4.7845722512676688E-036
   5.0883902488632088E-037
   5.2930813824598603E-038
   5.3863745333662154E-039
   5.3630373486821833E-040
   5.2253512249412556E-041
   4.9827871980179859E-042
   4.6509423031979886E-043
   4.2499003363321333E-044
   3.8022534564841564E-045
   3.3310506223306035E-046
   2.8579236867373396E-047
   2.4015892317400495E-048
   1.9768475091858776E-049
   1.5941155694495363E-050
   1.2594552380095393E-051
   9.7499947994952190E-053
   7.3964871528530540E-054
   5.4990194845830726E-055
   4.0070173027262600E-056
   2.8619986802465593E-057
   2.0038464301295589E-058
   1.3754325852731930E-059
   9.2560498360899141E-061
   6.1073637094243457E-062
   3.9514132111052403E-063
   2.5069701004654019E-064
   1.5598040688500342E-065
   9.5178742320374396E-067
   5.6961632884569256E-068
   3.3436415869516888E-069
   1.9251866070441503E-070
   1.0873304188807328E-071
   6.0242693101763169E-073
   3.2743016272320774E-074
   1.7459049115981436E-075
   9.1332434104531469E-077
   4.6875486617460829E-078
   2.3604535540393304E-079
   1.1662334273372295E-080
   5.6536140507512232E-082
   2.6892217879562387E-083
   1.2551478313097942E-084
   5.7482784999848569E-086
   2.5832183568165197E-087
   1.1391198832492313E-088
   4.9290839498483266E-090
   2.0929256734443497E-091
   8.7203398807688398E-093
   3.5653741351048793E-094
   1.4304340361917931E-095
   5.6314390267514262E-097
   2.1754866045564494E-098
   8.2465902532106950E-100
   3.0673810865198288E-101
   1.1195140385046812E-102
   4.0091456964231603E-104
   1.4087224380105233E-105
   4.8566849859353087E-107
   1.6427964321359268E-108
   5.4518519979959920E-110
   1.7750344802047911E-111
   5.6696551358695929E-113
   1.7765482892074517E-114
   5.4607215730796498E-116
   1.6464801579314143E-117
   4.8694049615141798E-119
   1.4124930814896479E-120
   4.0185052891261815E-122
   1.1212071759834924E-123
   3.0677798979363655E-125
   8.2309878501240941E-127
   2.1654097753751602E-128
   5.5854478311455552E-130
   1.4124514276212885E-131
   3.5014900653951651E-133
   8.5086513273614954E-135
   2.0265621296439807E-136
   4.7305503791434300E-138
   1.0821199095605063E-139
   2.4255412121511853E-141
   5.3268098693354001E-143
   1.1460532066981284E-144
   2.4153117964714750E-146
   4.9856547160482009E-148
   1.0078580879066689E-149
   1.9950335098606235E-151
   3.8664980432401602E-153
   7.3357245186155408E-155
   1.3622733411795993E-156
   2.4758106277981002E-158
   4.4028693811178685E-160
   7.6603741954977936E-162
   1.3037302922366657E-163
   2.1700712010462983E-165
   3.5320797098840422E-167
   5.6205130709745314E-169
   8.7423009866743040E-171
   1.3288984882232422E-172
   1.9737060104093033E-174
   2.8635338014048776E-176
   4.0574392159768067E-178
   5.6134278107501872E-180
   7.5809374905986350E-182
   9.9913475168009010E-184
   1.2847379742078891E-185
   1.6112850698207729E-187
   1.9704719276770959E-189
   2.3489585436118784E-191
   2.7286574820995807E-193
   3.0877806228837921E-195
   3.4026418455206159E-197
   3.6500613535815503E-199
   3.8100671466713393E-201
   3.8684792760848002E-203
   3.8189280692584769E-205
   3.6639186652089283E-207
   3.4147075922625719E-209
   3.0899735651077847E-211
   2.7134951495245795E-213
   2.3112365935183579E-215
   1.9083435259750887E-217
   1.5265393489538314E-219
   1.1822981395742447E-221
   8.8598517222368753E-224
   6.4195208696618066E-226
   4.4940070359629971E-228
   3.0372360399257910E-230
   1.9800419524709392E-232
   1.2440430780362863E-234
   7.5257587757865193E-237
   4.3790482594887733E-239
   2.4482381762410942E-241
   1.3136147647028237E-243
   6.7558658205450273E-246
   3.3258978300587984E-248
   1.5650241915558607E-250
   7.0280399671328190E-253
   3.0068089821769625E-255
   1.2232806838969213E-257
   4.7228993031003438E-260
   1.7265508820736714E-262
   5.9615989581168916E-265
   1.9389457475704690E-267
   5.9218450445365692E-270
   1.6925553975785364E-272
   4.5095652810162656E-275
   1.1150877559303141E-277
   2.5459835455031266E-280
   5.3359020714232602E-283
   1.0194131510838698E-285
   1.7607163052720129E-288
   2.7218938836446827E-291
   3.7197281668311712E-294
   4.4236474318276098E-297
   4.4847131617154364E-300
   3.7683355863598823E-303
   2.5194554552011370E-306
   1.2565721933782329E-309
   4.1557499417404900E-313
   6.8353932695571875E-317
   0.0000000000000000     
