   0.0000000000000000        0.0000000000000000        0.0000000000000000     
   4.9343966172865628E-004   4.9343966172865628E-004   4.9343966172865628E-004
   1.9732716815148432E-003   1.9732716815148432E-003   1.9732716815148432E-003
   4.4380356437363488E-003   4.4380356437363488E-003   4.4380356437363488E-003
   7.8852991238013148E-003   7.8852991238013148E-003   7.8852991238013148E-003
   1.2311660088659027E-002   1.2311660088659027E-002   1.2311660088659027E-002
   1.7712750254195053E-002   1.7712750254195053E-002   1.7712750254195053E-002
   2.4083239396200828E-002   2.4083239396200828E-002   2.4083239396200828E-002
   3.1416840610661856E-002   3.1416840610661856E-002   3.1416840610661856E-002
   3.9706316518173024E-002   3.9706316518173024E-002   3.9706316518173024E-002
   4.8943486406358927E-002   4.8943486406358927E-002   4.8943486406358927E-002
   5.9119234303249724E-002   5.9119234303249724E-002   5.9119234303249724E-002
   7.0223517973645233E-002   7.0223517973645233E-002   7.0223517973645233E-002
   8.2245378829589377E-002   8.2245378829589377E-002   8.2245378829589377E-002
   9.5172952745173900E-002   9.5172952745173900E-002   9.5172952745173900E-002
  0.10899348176499901       0.10899348176499901       0.10899348176499901     
  0.12369332669473576       0.12369332669473576       0.12369332669473576     
  0.13925798056136507       0.13925798056136507       0.13925798056136507     
  0.15567208292980927       0.15567208292980927       0.15567208292980927     
  0.17291943506182772       0.17291943506182772       0.17291943506182772     
  0.19098301590221689       0.19098301590221689       0.19098301590221689     
  0.20984499887653785       0.20984499887653785       0.20984499887653785     
  0.22948676948379398       0.22948676948379398       0.22948676948379398     
  0.24988894366669667       0.24988894366669667       0.24988894366669667     
  0.27103138694139128       0.27103138694139128       0.27103138694139128     
  0.29289323426776281       0.29289323426776281       0.29289323426776281     
  0.31545291064071213       0.31545291064071213       0.31545291064071213     
  0.33868815238208305       0.33868815238208305       0.33868815238208305     
  0.36257602911222520       0.36257602911222520       0.36257602911222520     
  0.38709296637951263       0.38709296637951263       0.38709296637951263     
  0.41221476892548159       0.41221476892548159       0.41221476892548159     
  0.43791664456263135       0.43791664456263135       0.43791664456263135     
  0.46417322864132193       0.46417322864132193       0.46417322864132193     
  0.49095860908162114       0.49095860908162114       0.49095860908162114     
  0.51824635194540136       0.51824635194540136       0.51824635194540136     
  0.54600952752344700       0.54600952752344700       0.54600952752344700     
  0.57422073691182629       0.57422073691182629       0.57422073691182629     
  0.60285213905130419       0.60285213905130419       0.60285213905130419     
  0.63187547820310752       0.63187547820310752       0.63187547820310752     
  0.66126211183392991       0.66126211183392991       0.66126211183392991     
  0.69098303888265455       0.69098303888265455       0.69098303888265455     
  0.72100892838090380       0.72100892838090380       0.72100892838090380     
  0.75131014839916310       0.75131014839916310       0.75131014839916310     
  0.78185679528992091       0.78185679528992091       0.78185679528992091     
  0.81261872319895989       0.81261872319895989       0.81261872319895989     
  0.84356557381567643       0.84356557381567643       0.84356557381567643     
  0.87466680633307159       0.87466680633307159       0.87466680633307159     
  0.90589172758783931       0.90589172758783931       0.90589172758783931     
  0.93720952235081700       0.93720952235081700       0.93720952235081700     
  0.96858928373789654       0.96858928373789654       0.96858928373789654     
   1.0000000437113901        1.0000000437113901        1.0000000437113901     
   1.0314108036417458        1.0314108036417458        1.0314108036417458     
   1.0627905648994544        1.0627905648994544        1.0627905648994544     
   1.0941083594469554        1.0941083594469554        1.0941083594469554     
   1.1253332804003540        1.1253332804003540        1.1253332804003540     
   1.1564345125307840        1.1564345125307840        1.1564345125307840     
   1.1873813626753225        1.1873813626753225        1.1873813626753225     
   1.2181432900274356        1.2181432900274356        1.2181432900274356     
   1.2486899362770696        1.2486899362770696        1.2486899362770696     
   1.2789911555706399        1.2789911555706399        1.2789911555706399     
   1.3090170442613500        1.3090170442613500        1.3090170442613500     
   1.3387379704204825        1.3387379704204825        1.3387379704204825     
   1.3681246030805374        1.3681246030805374        1.3681246030805374     
   1.3971479411813563        1.3971479411813563        1.3971479411813563     
   1.4257793421906699        1.4257793421906699        1.4257793421906699     
   1.4539905503708197        1.4539905503708197        1.4539905503708197     
   1.4817537246637644        1.4817537246637644        1.4817537246637644     
   1.5090414661668392        1.5090414661668392        1.5090414661668392     
   1.5358268451721719        1.5358268451721719        1.5358268451721719     
   1.5620834277430511        1.5620834277430511        1.5620834277430511     
   1.5877853018010324        1.5877853018010324        1.5877853018010324     
   1.6129071026980344        1.6129071026980344        1.6129071026980344     
   1.6374240382481835        1.6374240382481835        1.6374240382481835     
   1.6613119131947112        1.6613119131947112        1.6613119131947112     
   1.6845471530877507        1.6845471530877507        1.6845471530877507     
   1.7071068275494765        1.7071068275494765        1.7071068275494765     
   1.7289686729036184        1.7289686729036184        1.7289686729036184     
   1.7501111141470236        1.7501111141470236        1.7501111141470236     
   1.7705132862415818        1.7705132862415818        1.7705132862415818     
   1.7901550547054992        1.7901550547054992        1.7901550547054992     
   1.8090170354836022        1.8090170354836022        1.8090170354836022     
   1.8270806140770621        1.8270806140770621        1.8270806140770621     
   1.8443279639136567        1.8443279639136567        1.8443279639136567     
   1.8607420639404486        1.8607420639404486        1.8607420639404486     
   1.8763067154215074        1.8763067154215074        1.8763067154215074     
   1.8910065579241102        1.8910065579241102        1.8910065579241102     
   1.9048270844776332        1.9048270844776332        1.9048270844776332     
   1.9177546558901808        1.9177546558901808        1.9177546558901808     
   1.9297765142088239        1.9297765142088239        1.9297765142088239     
   1.9408807953101581        1.9408807953101581        1.9408807953101581     
   1.9510565406087630        1.9510565406087630        1.9510565406087630     
   1.9602937078720022        1.9602937078720022        1.9602937078720022     
   1.9685831811304964        1.9685831811304964        1.9685831811304964     
   1.9759167796744848        1.9759167796744848        1.9759167796744848     
   1.9822872661271971        1.9822872661271971        1.9822872661271971     
   1.9876883535872734        1.9876883535872734        1.9876883535872734     
   1.9921147118331750        1.9921147118331750        1.9921147118331750     
   1.9955619725834706        1.9955619725834706        1.9955619725834706     
   1.9980267338078033        1.9980267338078033        1.9980267338078033     
   1.9995065630842834        1.9995065630842834        1.9995065630842834     
   1.9999999999999962        1.9999999999999962        1.9999999999999962     
   1.9995065575922517        1.9995065575922517        1.9995065575922517     
   1.9980267228291595        1.9980267228291595        1.9980267228291595     
   1.9955619561290492        1.9955619561290492        1.9955619561290492     
   1.9921146899192148        1.9921146899192148        1.9921146899192148     
   1.9876883262354008        1.9876883262354008        1.9876883262354008     
   1.9822872333644053        1.9822872333644053        1.9822872333644053     
   1.9759167415331063        1.9759167415331063        1.9759167415331063     
   1.9685831376481726        1.9685831376481726        1.9685831376481726     
   1.9602936590916444        1.9602936590916444        1.9602936590916444     
   1.9510564865785121        1.9510564865785121        1.9510564865785121     
   1.9408807360833351        1.9408807360833351        1.9408807360833351     
   1.9297764498438785        1.9297764498438785        1.9297764498438785     
   1.9177545864506333        1.9177545864506333        1.9177545864506333     
   1.9048270100320122        1.9048270100320122        1.9048270100320122     
   1.8910064785458849        1.8910064785458849        1.8910064785458849     
   1.8763066311890142        1.8763066311890142        1.8763066311890142     
   1.8607419749368148        1.8607419749368148        1.8607419749368148     
   1.8443278702267181        1.8443278702267181        1.8443278702267181     
   1.8270805157992762        1.8270805157992762        1.8270805157992762     
   1.8090169327119576        1.8090169327119576        1.8090169327119576     
   1.7901549475414191        1.7901549475414191        1.7901549475414191     
   1.7705131747908247        1.7705131747908247        1.7705131747908247     
   1.7501109985195773        1.7501109985195773        1.7501109985195773     
   1.7289685532135934        1.7289685532135934        1.7289685532135934     
   1.7071067039149923        1.7071067039149923        1.7071067039149923     
   1.6845470256308197        1.6845470256308197        1.6845470256308197     
   1.6613117820411181        1.6613117820411181        1.6613117820411181     
   1.6374239035273610        1.6374239035273610        1.6374239035273610     
   1.6129069645429359        1.6129069645429359        1.6129069645429359     
   1.5877851603480002        1.5877851603480002        1.5877851603480002     
   1.5620832831316822        1.5620832831316822        1.5620832831316822     
   1.5358266975451800        1.5358266975451800        1.5358266975451800     
   1.5090413156699145        1.5090413156699145        1.5090413156699145     
   1.4817535714454293        1.4817535714454293        1.4817535714454293     
   1.4539903945822827        1.4539903945822827        1.4539903945822827     
   1.4257791839856748        1.4257791839856748        1.4257791839856748     
   1.3971477807160322        1.3971477807160322        1.3971477807160322     
   1.3681244405132447        1.3681244405132447        1.3681244405132447     
   1.3387378059116553        1.3387378059116553        1.3387378059116553     
   1.3090168779733387        1.3090168779733387        1.3090168779733387     
   1.2789909876675498        1.2789909876675498        1.2789909876675498     
   1.2486897669246020        1.2486897669246020        1.2486897669246020     
   1.2181431193927208        1.2181431193927208        1.2181431193927208     
   1.1873811909267566        1.1873811909267566        1.1873811909267566     
   1.1564343398378618        1.1564343398378618        1.1564343398378618     
   1.1253331069335015        1.1253331069335015        1.1253331069335015     
   1.0941081853773649        1.0941081853773649        1.0941081853773649     
   1.0627903903989113        1.0627903903989113        1.0627903903989113     
   1.0314106288824612        1.0314106288824612        1.0314106288824612     
  0.99999986886583003       0.99999986886583003       0.99999986886583003     
  0.96858910897861161       0.96858910897861161       0.96858910897861161     
  0.93720934785027454       0.93720934785027454       0.93720934785027454     
  0.90589155351825046       0.90589155351825046       0.90589155351825046     
  0.87466663286622182       0.87466663286622182       0.87466663286622182     
  0.84356540112275680       0.84356540112275680       0.84356540112275680     
  0.81261855145039619       0.81261855145039619       0.81261855145039619     
  0.78185662465520944       0.78185662465520944       0.78185662465520944     
  0.75130997904669972       0.75130997904669972       0.75130997904669972     
  0.72100876047781892       0.72100876047781892       0.72100876047781892     
  0.69098287259464830       0.69098287259464830       0.69098287259464830     
  0.66126194732510724       0.66126194732510724       0.66126194732510724     
  0.63187531563582011       0.63187531563582011       0.63187531563582011     
  0.60285197858598605       0.60285197858598605       0.60285197858598605     
  0.57422057870683751       0.57422057870683751       0.57422057870683751     
  0.54600937173491682       0.54600937173491682       0.54600937173491682     
  0.51824619872707345       0.51824619872707345       0.51824619872707345     
  0.49095845858470399       0.49095845858470399       0.49095845858470399     
  0.46417308101433818       0.46417308101433818       0.46417308101433818     
  0.43791649995127102       0.43791649995127102       0.43791649995127102     
  0.41221462747245829       0.41221462747245829       0.41221462747245829     
  0.38709282822442304       0.38709282822442304       0.38709282822442304     
  0.36257589439141236       0.36257589439141236       0.36257589439141236     
  0.33868802122850006       0.33868802122850006       0.33868802122850006     
  0.31545278318379188       0.31545278318379188       0.31545278318379188     
  0.29289311063328971       0.29289311063328971       0.29289311063328971     
  0.27103126725137716       0.27103126725137716       0.27103126725137716     
  0.24988882803926160       0.24988882803926160       0.24988882803926160     
  0.22948665803304846       0.22948665803304846       0.22948665803304846     
  0.20984489171247023       0.20984489171247023       0.20984489171247023     
  0.19098291313058513       0.19098291313058513       0.19098291313058513     
  0.17291933678405458       0.17291933678405458       0.17291933678405458     
  0.15567198924288350       0.15567198924288350       0.15567198924288350     
  0.13925789155774448       0.13925789155774448       0.13925789155774448     
  0.12369324246225599       0.12369324246225599       0.12369324246225599     
  0.10899340238678734       0.10899340238678734       0.10899340238678734     
   9.5172878299566777E-002   9.5172878299566777E-002   9.5172878299566777E-002
   8.2245309390056032E-002   8.2245309390056032E-002   8.2245309390056032E-002
   7.0223453608714070E-002   7.0223453608714070E-002   7.0223453608714070E-002
   5.9119175076441155E-002   5.9119175076441155E-002   5.9119175076441155E-002
   4.8943432376122531E-002   4.8943432376122531E-002   4.8943432376122531E-002
   3.9706267737829926E-002   3.9706267737829926E-002   3.9706267737829926E-002
   3.1416797128352658E-002   3.1416797128352658E-002   3.1416797128352658E-002
   2.4083201254837427E-002   2.4083201254837427E-002   2.4083201254837427E-002
   1.7712717491418228E-002   1.7712717491418228E-002   1.7712717491418228E-002
   1.2311632736801803E-002   1.2311632736801803E-002   1.2311632736801803E-002
   7.8852772098564339E-003   7.8852772098564339E-003   7.8852772098564339E-003
   4.4380191893302889E-003   4.4380191893302889E-003   4.4380191893302889E-003
   1.9732607028862814E-003   1.9732607028862814E-003   1.9732607028862814E-003
   4.9343416971192600E-004   4.9343416971192600E-004   4.9343416971192600E-004
   1.5321077739827160E-014   1.5321077739827160E-014   1.5321077739827160E-014
   0.0000000000000000        0.0000000000000000        0.0000000000000000     
   0.0000000000000000        0.0000000000000000        0.0000000000000000     
   0.0000000000000000        0.0000000000000000        0.0000000000000000     
   0.0000000000000000        0.0000000000000000        0.0000000000000000     
   0.0000000000000000        0.0000000000000000        0.0000000000000000     
   0.0000000000000000        0.0000000000000000        0.0000000000000000     
   0.0000000000000000        0.0000000000000000        0.0000000000000000     
   0.0000000000000000        0.0000000000000000        0.0000000000000000     
   0.0000000000000000        0.0000000000000000        0.0000000000000000     
   0.0000000000000000        0.0000000000000000        0.0000000000000000     
   0.0000000000000000        0.0000000000000000        0.0000000000000000     
   0.0000000000000000        0.0000000000000000        0.0000000000000000     
   0.0000000000000000        0.0000000000000000        0.0000000000000000     
   0.0000000000000000        0.0000000000000000        0.0000000000000000     
   0.0000000000000000        0.0000000000000000        0.0000000000000000     
   0.0000000000000000        0.0000000000000000        0.0000000000000000     
   0.0000000000000000        0.0000000000000000        0.0000000000000000     
   0.0000000000000000        0.0000000000000000        0.0000000000000000     
   0.0000000000000000        0.0000000000000000        0.0000000000000000     
   0.0000000000000000        0.0000000000000000        0.0000000000000000     
   0.0000000000000000        0.0000000000000000        0.0000000000000000     
   0.0000000000000000        0.0000000000000000        0.0000000000000000     
   0.0000000000000000        0.0000000000000000        0.0000000000000000     
   0.0000000000000000        0.0000000000000000        0.0000000000000000     
   0.0000000000000000        0.0000000000000000        0.0000000000000000     
   0.0000000000000000        0.0000000000000000        0.0000000000000000     
   0.0000000000000000        0.0000000000000000        0.0000000000000000     
   0.0000000000000000        0.0000000000000000        0.0000000000000000     
   0.0000000000000000        0.0000000000000000        0.0000000000000000     
   0.0000000000000000        0.0000000000000000        0.0000000000000000     
   0.0000000000000000        0.0000000000000000        0.0000000000000000     
   0.0000000000000000        0.0000000000000000        0.0000000000000000     
   0.0000000000000000        0.0000000000000000        0.0000000000000000     
   0.0000000000000000        0.0000000000000000        0.0000000000000000     
   0.0000000000000000        0.0000000000000000        0.0000000000000000     
   0.0000000000000000        0.0000000000000000        0.0000000000000000     
   0.0000000000000000        0.0000000000000000        0.0000000000000000     
   0.0000000000000000        0.0000000000000000        0.0000000000000000     
   0.0000000000000000        0.0000000000000000        0.0000000000000000     
   0.0000000000000000        0.0000000000000000        0.0000000000000000     
   0.0000000000000000        0.0000000000000000        0.0000000000000000     
   0.0000000000000000        0.0000000000000000        0.0000000000000000     
   0.0000000000000000        0.0000000000000000        0.0000000000000000     
   0.0000000000000000        0.0000000000000000        0.0000000000000000     
   0.0000000000000000        0.0000000000000000        0.0000000000000000     
   0.0000000000000000        0.0000000000000000        0.0000000000000000     
   0.0000000000000000        0.0000000000000000        0.0000000000000000     
   0.0000000000000000        0.0000000000000000        0.0000000000000000     
   0.0000000000000000        0.0000000000000000        0.0000000000000000     
   0.0000000000000000        0.0000000000000000        0.0000000000000000     
   0.0000000000000000        0.0000000000000000        0.0000000000000000     
   0.0000000000000000        0.0000000000000000        0.0000000000000000     
   0.0000000000000000        0.0000000000000000        0.0000000000000000     
   0.0000000000000000        0.0000000000000000        0.0000000000000000     
   0.0000000000000000        0.0000000000000000        0.0000000000000000     
   0.0000000000000000        0.0000000000000000        0.0000000000000000     
   0.0000000000000000        0.0000000000000000        0.0000000000000000     
   0.0000000000000000        0.0000000000000000        0.0000000000000000     
   0.0000000000000000        0.0000000000000000        0.0000000000000000     
   0.0000000000000000        0.0000000000000000        0.0000000000000000     
   0.0000000000000000        0.0000000000000000        0.0000000000000000     
   0.0000000000000000        0.0000000000000000        0.0000000000000000     
   0.0000000000000000        0.0000000000000000        0.0000000000000000     
   0.0000000000000000        0.0000000000000000        0.0000000000000000     
   0.0000000000000000        0.0000000000000000        0.0000000000000000     
   0.0000000000000000        0.0000000000000000        0.0000000000000000     
   0.0000000000000000        0.0000000000000000        0.0000000000000000     
   0.0000000000000000        0.0000000000000000        0.0000000000000000     
   0.0000000000000000        0.0000000000000000        0.0000000000000000     
   0.0000000000000000        0.0000000000000000        0.0000000000000000     
   0.0000000000000000        0.0000000000000000        0.0000000000000000     
   0.0000000000000000        0.0000000000000000        0.0000000000000000     
   0.0000000000000000        0.0000000000000000        0.0000000000000000     
   0.0000000000000000        0.0000000000000000        0.0000000000000000     
   0.0000000000000000        0.0000000000000000        0.0000000000000000     
   0.0000000000000000        0.0000000000000000        0.0000000000000000     
   0.0000000000000000        0.0000000000000000        0.0000000000000000     
   0.0000000000000000        0.0000000000000000        0.0000000000000000     
   0.0000000000000000        0.0000000000000000        0.0000000000000000     
   0.0000000000000000        0.0000000000000000        0.0000000000000000     
   0.0000000000000000        0.0000000000000000        0.0000000000000000     
   0.0000000000000000        0.0000000000000000        0.0000000000000000     
   0.0000000000000000        0.0000000000000000        0.0000000000000000     
   0.0000000000000000        0.0000000000000000        0.0000000000000000     
   0.0000000000000000        0.0000000000000000        0.0000000000000000     
   0.0000000000000000        0.0000000000000000        0.0000000000000000     
   0.0000000000000000        0.0000000000000000        0.0000000000000000     
   0.0000000000000000        0.0000000000000000        0.0000000000000000     
   0.0000000000000000        0.0000000000000000        0.0000000000000000     
   0.0000000000000000        0.0000000000000000        0.0000000000000000     
   0.0000000000000000        0.0000000000000000        0.0000000000000000     
   0.0000000000000000        0.0000000000000000        0.0000000000000000     
   0.0000000000000000        0.0000000000000000        0.0000000000000000     
   0.0000000000000000        0.0000000000000000        0.0000000000000000     
   0.0000000000000000        0.0000000000000000        0.0000000000000000     
   0.0000000000000000        0.0000000000000000        0.0000000000000000     
   0.0000000000000000        0.0000000000000000        0.0000000000000000     
   0.0000000000000000        0.0000000000000000        0.0000000000000000     
   0.0000000000000000        0.0000000000000000        0.0000000000000000     
   0.0000000000000000        0.0000000000000000        0.0000000000000000     
   0.0000000000000000        0.0000000000000000        0.0000000000000000     
   0.0000000000000000        0.0000000000000000        0.0000000000000000     
   0.0000000000000000        0.0000000000000000        0.0000000000000000     
   0.0000000000000000        0.0000000000000000        0.0000000000000000     
   0.0000000000000000        0.0000000000000000        0.0000000000000000     
   0.0000000000000000        0.0000000000000000        0.0000000000000000     
   0.0000000000000000        0.0000000000000000        0.0000000000000000     
   0.0000000000000000        0.0000000000000000        0.0000000000000000     
   0.0000000000000000        0.0000000000000000        0.0000000000000000     
   0.0000000000000000        0.0000000000000000        0.0000000000000000     
   0.0000000000000000        0.0000000000000000        0.0000000000000000     
   0.0000000000000000        0.0000000000000000        0.0000000000000000     
   0.0000000000000000        0.0000000000000000        0.0000000000000000     
   0.0000000000000000        0.0000000000000000        0.0000000000000000     
   0.0000000000000000        0.0000000000000000        0.0000000000000000     
   0.0000000000000000        0.0000000000000000        0.0000000000000000     
   0.0000000000000000        0.0000000000000000        0.0000000000000000     
   0.0000000000000000        0.0000000000000000        0.0000000000000000     
   0.0000000000000000        0.0000000000000000        0.0000000000000000     
   0.0000000000000000        0.0000000000000000        0.0000000000000000     
   0.0000000000000000        0.0000000000000000        0.0000000000000000     
   0.0000000000000000        0.0000000000000000        0.0000000000000000     
   0.0000000000000000        0.0000000000000000        0.0000000000000000     
   0.0000000000000000        0.0000000000000000        0.0000000000000000     
   0.0000000000000000        0.0000000000000000        0.0000000000000000     
   0.0000000000000000        0.0000000000000000        0.0000000000000000     
   0.0000000000000000        0.0000000000000000        0.0000000000000000     
   0.0000000000000000        0.0000000000000000        0.0000000000000000     
   0.0000000000000000        0.0000000000000000        0.0000000000000000     
   0.0000000000000000        0.0000000000000000        0.0000000000000000     
   0.0000000000000000        0.0000000000000000        0.0000000000000000     
   0.0000000000000000        0.0000000000000000        0.0000000000000000     
   0.0000000000000000        0.0000000000000000        0.0000000000000000     
   0.0000000000000000        0.0000000000000000        0.0000000000000000     
   0.0000000000000000        0.0000000000000000        0.0000000000000000     
   0.0000000000000000        0.0000000000000000        0.0000000000000000     
   0.0000000000000000        0.0000000000000000        0.0000000000000000     
   0.0000000000000000        0.0000000000000000        0.0000000000000000     
   0.0000000000000000        0.0000000000000000        0.0000000000000000     
   0.0000000000000000        0.0000000000000000        0.0000000000000000     
   0.0000000000000000        0.0000000000000000        0.0000000000000000     
   0.0000000000000000        0.0000000000000000        0.0000000000000000     
   0.0000000000000000        0.0000000000000000        0.0000000000000000     
   0.0000000000000000        0.0000000000000000        0.0000000000000000     
   0.0000000000000000        0.0000000000000000        0.0000000000000000     
   0.0000000000000000        0.0000000000000000        0.0000000000000000     
   0.0000000000000000        0.0000000000000000        0.0000000000000000     
   0.0000000000000000        0.0000000000000000        0.0000000000000000     
   0.0000000000000000        0.0000000000000000        0.0000000000000000     
   0.0000000000000000        0.0000000000000000        0.0000000000000000     
   0.0000000000000000        0.0000000000000000        0.0000000000000000     
   0.0000000000000000        0.0000000000000000        0.0000000000000000     
   0.0000000000000000        0.0000000000000000        0.0000000000000000     
   0.0000000000000000        0.0000000000000000        0.0000000000000000     
   0.0000000000000000        0.0000000000000000        0.0000000000000000     
   0.0000000000000000        0.0000000000000000        0.0000000000000000     
   0.0000000000000000        0.0000000000000000        0.0000000000000000     
   0.0000000000000000        0.0000000000000000        0.0000000000000000     
   0.0000000000000000        0.0000000000000000        0.0000000000000000     
   0.0000000000000000        0.0000000000000000        0.0000000000000000     
   0.0000000000000000        0.0000000000000000        0.0000000000000000     
   0.0000000000000000        0.0000000000000000        0.0000000000000000     
   0.0000000000000000        0.0000000000000000        0.0000000000000000     
   0.0000000000000000        0.0000000000000000        0.0000000000000000     
   0.0000000000000000        0.0000000000000000        0.0000000000000000     
   0.0000000000000000        0.0000000000000000        0.0000000000000000     
   0.0000000000000000        0.0000000000000000        0.0000000000000000     
   0.0000000000000000        0.0000000000000000        0.0000000000000000     
   0.0000000000000000        0.0000000000000000        0.0000000000000000     
   0.0000000000000000        0.0000000000000000        0.0000000000000000     
   0.0000000000000000        0.0000000000000000        0.0000000000000000     
   0.0000000000000000        0.0000000000000000        0.0000000000000000     
   0.0000000000000000        0.0000000000000000        0.0000000000000000     
   0.0000000000000000        0.0000000000000000        0.0000000000000000     
   0.0000000000000000        0.0000000000000000        0.0000000000000000     
   0.0000000000000000        0.0000000000000000        0.0000000000000000     
   0.0000000000000000        0.0000000000000000        0.0000000000000000     
   0.0000000000000000        0.0000000000000000        0.0000000000000000     
   0.0000000000000000        0.0000000000000000        0.0000000000000000     
   0.0000000000000000        0.0000000000000000        0.0000000000000000     
   0.0000000000000000        0.0000000000000000        0.0000000000000000     
   0.0000000000000000        0.0000000000000000        0.0000000000000000     
   0.0000000000000000        0.0000000000000000        0.0000000000000000     
   0.0000000000000000        0.0000000000000000        0.0000000000000000     
   0.0000000000000000        0.0000000000000000        0.0000000000000000     
   0.0000000000000000        0.0000000000000000        0.0000000000000000     
   0.0000000000000000        0.0000000000000000        0.0000000000000000     
   0.0000000000000000        0.0000000000000000        0.0000000000000000     
   0.0000000000000000        0.0000000000000000        0.0000000000000000     
   0.0000000000000000        0.0000000000000000        0.0000000000000000     
   0.0000000000000000        0.0000000000000000        0.0000000000000000     
   0.0000000000000000        0.0000000000000000        0.0000000000000000     
   0.0000000000000000        0.0000000000000000        0.0000000000000000     
   0.0000000000000000        0.0000000000000000        0.0000000000000000     
   0.0000000000000000        0.0000000000000000        0.0000000000000000     
   0.0000000000000000        0.0000000000000000        0.0000000000000000     
   0.0000000000000000        0.0000000000000000        0.0000000000000000     
   0.0000000000000000        0.0000000000000000        0.0000000000000000     
   0.0000000000000000        0.0000000000000000        0.0000000000000000     
   0.0000000000000000        0.0000000000000000        0.0000000000000000     
